
22 ; 34 ; 79 ; 55 ; 56 ; 
1 ; 1
116 ; 38 ; 77 ; 53 ; 56 ; 
1 ; 1
24 ; 37 ; 76 ; 53 ; 55 ; 
1 ; 1
17 ; 29 ; 86 ; 54 ; 56 ; 
0 ; 1
38 ; 55 ; 86 ; 50 ; 51 ; 
1 ; 0
26 ; 38 ; 71 ; 52 ; 53 ; 
1 ; 0
7 ; 46 ; 41 ; 45 ; 46 ; 
1 ; 1
19 ; 57 ; 28 ; 44 ; 48 ; 
1 ; 1
67 ; 81 ; 20 ; 37 ; 38 ; 
1 ; 1
77 ; 91 ; 20 ; 40 ; 42 ; 
1 ; 1
129 ; 84 ; 13 ; 35 ; 37 ; 
1 ; 1
73 ; 85 ; 16 ; 37 ; 42 ; 
1 ; 1
80 ; 86 ; 13 ; 35 ; 42 ; 
1 ; 1
41 ; 76 ; 21 ; 38 ; 41 ; 
1 ; 1
27 ; 71 ; 24 ; 39 ; 41 ; 
1 ; 1
42 ; 61 ; 26 ; 34 ; 44 ; 
1 ; 1
35 ; 47 ; 86 ; 51 ; 56 ; 
0 ; 0
20 ; 50 ; 33 ; 46 ; 48 ; 
1 ; 1
31 ; 47 ; 48 ; 36 ; 45 ; 
1 ; 1
32 ; 51 ; 52 ; 36 ; 43 ; 
1 ; 1
46 ; 67 ; 26 ; 34 ; 39 ; 
1 ; 1
36 ; 52 ; 75 ; 31 ; 52 ; 
1 ; 0
33 ; 52 ; 57 ; 43 ; 49 ; 
1 ; 1
119 ; 52 ; 81 ; 31 ; 51 ; 
0 ; 0
56 ; 65 ; 76 ; 33 ; 47 ; 
1 ; 1
49 ; 61 ; 80 ; 47 ; 50 ; 
1 ; 0
40 ; 54 ; 81 ; 31 ; 50 ; 
0 ; 0
57 ; 69 ; 32 ; 30 ; 34 ; 
1 ; 1
53 ; 79 ; 12 ; 35 ; 38 ; 
1 ; 1
37 ; 53 ; 42 ; 27 ; 45 ; 
1 ; 1
60 ; 73 ; 34 ; 26 ; 30 ; 
1 ; 1
124 ; 72 ; 31 ; 30 ; 39 ; 
1 ; 1
45 ; 59 ; 78 ; 31 ; 47 ; 
0 ; 0
43 ; 54 ; 41 ; 27 ; 46 ; 
1 ; 1
65 ; 77 ; 30 ; 24 ; 39 ; 
1 ; 1
23 ; 42 ; 59 ; 28 ; 52 ; 
1 ; 0
47 ; 60 ; 33 ; 25 ; 44 ; 
1 ; 1
10 ; 58 ; 33 ; 44 ; 46 ; 
1 ; 1
44 ; 59 ; 34 ; 25 ; 46 ; 
1 ; 1
29 ; 45 ; 58 ; 28 ; 49 ; 
0 ; 1
126 ; 74 ; 31 ; 26 ; 39 ; 
0 ; 0
128 ; 78 ; 29 ; 24 ; 41 ; 
0 ; 0
50 ; 63 ; 34 ; 25 ; 34 ; 
0 ; 0
69 ; 81 ; 26 ; 37 ; 41 ; 
0 ; 0
66 ; 77 ; 32 ; 24 ; 26 ; 
0 ; 0
6 ; 17 ; 88 ; 22 ; 23 ; 
0 ; 0
130 ; 82 ; 35 ; 21 ; 24 ; 
1 ; 0
78 ; 82 ; 27 ; 29 ; 37 ; 
1 ; 0
55 ; 68 ; 75 ; 32 ; 33 ; 
1 ; 0
68 ; 79 ; 36 ; 21 ; 26 ; 
0 ; 0
71 ; 81 ; 30 ; 24 ; 29 ; 
0 ; 0
30 ; 48 ; 63 ; 49 ; 52 ; 
0 ; 0
39 ; 54 ; 47 ; 27 ; 36 ; 
0 ; 0
120 ; 56 ; 49 ; 27 ; 43 ; 
0 ; 0
79 ; 84 ; 35 ; 21 ; 29 ; 
0 ; 0
54 ; 65 ; 38 ; 25 ; 30 ; 
0 ; 0
70 ; 81 ; 28 ; 29 ; 41 ; 
0 ; 0
72 ; 83 ; 66 ; 20 ; 32 ; 
1 ; 0
122 ; 62 ; 49 ; 43 ; 46 ; 
0 ; 0
28 ; 45 ; 54 ; 28 ; 36 ; 
0 ; 0
118 ; 46 ; 55 ; 36 ; 49 ; 
0 ; 0
25 ; 44 ; 51 ; 28 ; 45 ; 
0 ; 0
21 ; 56 ; 19 ; 39 ; 44 ; 
0 ; 0
123 ; 68 ; 49 ; 25 ; 43 ; 
0 ; 0
14 ; 21 ; 88 ; 23 ; 54 ; 
0 ; 0
121 ; 60 ; 75 ; 47 ; 52 ; 
0 ; 0
61 ; 78 ; 61 ; 19 ; 32 ; 
1 ; 0
48 ; 61 ; 72 ; 33 ; 52 ; 
0 ; 0
76 ; 84 ; 61 ; 19 ; 20 ; 
0 ; 0
74 ; 90 ; 51 ; 18 ; 21 ; 
1 ; 0
127 ; 78 ; 55 ; 19 ; 26 ; 
0 ; 0
18 ; 35 ; 70 ; 52 ; 55 ; 
0 ; 0
62 ; 73 ; 50 ; 30 ; 43 ; 
0 ; 0
131 ; 86 ; 55 ; 19 ; 21 ; 
0 ; 0
63 ; 73 ; 52 ; 26 ; 43 ; 
0 ; 0
75 ; 87 ; 56 ; 18 ; 19 ; 
0 ; 0
8 ; 34 ; 47 ; 45 ; 52 ; 
0 ; 0
117 ; 44 ; 77 ; 52 ; 56 ; 
0 ; 0
125 ; 70 ; 79 ; 33 ; 50 ; 
0 ; 0
81 ; 90 ; 59 ; 18 ; 20 ; 
0 ; 0
64 ; 72 ; 79 ; 32 ; 50 ; 
0 ; 0
34 ; 47 ; 78 ; 31 ; 56 ; 
0 ; 0
58 ; 72 ; 55 ; 19 ; 43 ; 
0 ; 0
84 ; 103 ; 66 ; 17 ; 20 ; 
1 ; 0
59 ; 69 ; 60 ; 32 ; 43 ; 
0 ; 0
5 ; 19 ; 58 ; 15 ; 22 ; 
1 ; 0
100 ; 113 ; 64 ; 16 ; 17 ; 
1 ; 0
109 ; 122 ; 55 ; 14 ; 16 ; 
1 ; 0
1 ; 12 ; 51 ; 12 ; 22 ; 
1 ; 0
11 ; 23 ; 56 ; 15 ; 52 ; 
0 ; 0
4 ; 13 ; 50 ; 12 ; 15 ; 
0 ; 0
108 ; 120 ; 49 ; 11 ; 14 ; 
1 ; 0
104 ; 120 ; 35 ; 10 ; 13 ; 
1 ; 1
106 ; 118 ; 51 ; 11 ; 16 ; 
0 ; 0
2 ; 14 ; 41 ; 12 ; 45 ; 
0 ; 0
94 ; 120 ; 29 ; 9 ; 10 ; 
1 ; 1
97 ; 107 ; 46 ; 8 ; 16 ; 
1 ; 0
132 ; 92 ; 29 ; 29 ; 42 ; 
0 ; 0
105 ; 118 ; 43 ; 13 ; 16 ; 
1 ; 0
112 ; 120 ; 45 ; 11 ; 13 ; 
0 ; 0
15 ; 23 ; 60 ; 22 ; 52 ; 
0 ; 0
95 ; 116 ; 37 ; 10 ; 16 ; 
0 ; 0
103 ; 116 ; 11 ; 7 ; 9 ; 
1 ; 0
114 ; 125 ; 42 ; 13 ; 14 ; 
0 ; 0
13 ; 21 ; 82 ; 22 ; 54 ; 
0 ; 0
93 ; 114 ; 19 ; 6 ; 9 ; 
1 ; 0
16 ; 23 ; 74 ; 22 ; 55 ; 
0 ; 0
12 ; 23 ; 78 ; 22 ; 56 ; 
0 ; 0
83 ; 103 ; 48 ; 8 ; 18 ; 
0 ; 0
102 ; 116 ; 7 ; 5 ; 7 ; 
1 ; 0
3 ; 19 ; 14 ; 44 ; 45 ; 
0 ; 0
9 ; 19 ; 44 ; 12 ; 52 ; 
0 ; 0
111 ; 121 ; 10 ; 4 ; 9 ; 
1 ; 0
107 ; 119 ; 8 ; 4 ; 7 ; 
0 ; 0
110 ; 121 ; 6 ; 4 ; 5 ; 
0 ; 0
113 ; 125 ; 22 ; 3 ; 9 ; 
0 ; 0
52 ; 63 ; 66 ; 32 ; 52 ; 
0 ; 0
99 ; 109 ; 4 ; 2 ; 7 ; 
1 ; 0
101 ; 113 ; 2 ; 2 ; 5 ; 
0 ; 0
115 ; 0 ; 39 ; 22 ; 45 ; 
0 ; 0
92 ; 105 ; 14 ; 9 ; 42 ; 
0 ; 0
85 ; 105 ; 6 ; 2 ; 42 ; 
0 ; 0
51 ; 63 ; 64 ; 32 ; 49 ; 
0 ; 0
137 ; 107 ; 9 ; 2 ; 9 ; 
0 ; 0
98 ; 105 ; 54 ; 8 ; 17 ; 
0 ; 0
135 ; 104 ; 55 ; 8 ; 20 ; 
0 ; 0
133 ; 96 ; 29 ; 29 ; 40 ; 
0 ; 0
82 ; 101 ; 0 ; 2 ; 35 ; 
0 ; 0
134 ; 98 ; 37 ; 18 ; 29 ; 
0 ; 0
86 ; 105 ; 20 ; 6 ; 42 ; 
0 ; 0
96 ; 105 ; 34 ; 1 ; 16 ; 
1 ; 0
90 ; 103 ; 34 ; 1 ; 29 ; 
0 ; 0
91 ; 103 ; 40 ; 16 ; 18 ; 
0 ; 0
89 ; 103 ; 37 ; 29 ; 16 ; 
0 ; 0
87 ; 103 ; 26 ; 9 ; 40 ; 
0 ; 0
88 ; 103 ; 28 ; 10 ; 40 ; 
0 ; 0
136 ; 103 ; 29 ; 40 ; 16 ; 
0 ; 0